10 
11 12 
13 16 
18 
20 
160 
159 
131 132 135 136 137 138 139 142 143 144 145 146 149 150 151 152 153 157 44 45 46 47 48 51 52 53 54 55 59 60 61 62 65 66 67 68 69 72 73 74 75 76 79 80 81 82 83 86 87 88 89 90 95 96 97 100 101 102 103 104 107 108 109 110 111 114 115 116 117 118 122 123 124 125 128 129 130 
158 
164 
165 
166 
163 
170 
172 
173 
167 
177 
178 
179 
174 
9 
6 
4 
3 
2 
38 39 40 180 25 27 181 184 185 186 187 188 191 192 193 194 195 198 199 200 201 202 205 206 207 209 5 17 171 208 19 23 24 26 30 41 
121 31 0 21 57 203 56 63 70 77 84 98 105 112 119 133 140 189 49 154 113 120 126 147 161 168 182 196 210 
43 50 64 71 78 99 134 141 148 175 7 37 14 22 28 42 58 91 
85 92 93 127 155 176 190 204 211 1 8 15 35 36 29 106 162 169 183 197 94 34 156 33 
32 
